--Da Hood
local Library = loadstring(game:HttpGet("https://raw.githubusercontent.com/xHeptc/Kavo-UI-Library/main/source.lua"))()
local window = Library.CreateLib("CapWare                                                        By. Caxpzo#0068", "Ocean")

local Main = window:NewTab("Main")
local MainSection = Main:NewSection("Aimlock")
local MainSection2 = Main:NewSection("Silent Aim")
local ExtraStuffs = window:NewTab("Extra Stuffs")
local ExtraSection = ExtraStuffs:NewSection("Headless, Korblox")
local ExtraSection2 = ExtraStuffs:NewSection("Speed and Noclip")
local ExtraSection3 = ExtraStuffs:NewSection("FOV")
local Teleports = window:NewTab("Teleports")
local TeleportSection = Teleports:NewSection("CapWare.cc")
local TeleportSection2 = Teleports:NewSection("Places")
local ESPTab = window:NewTab("ESP")
local ESPSection = ESPTab:NewSection("ESP")
local Credits = window:NewTab("Credits")
local CreditsSection = Credits:NewSection("CapWare By. Caxpzo#0068")

--// Settings

local Settings = {
    Aimlock = {
        AimPart = "LowerTorso",
        AimlockKey = "Q",
        Prediction = 0.143,

        FOVEnabled = false,
        FOVShow = false,
        FOVSize = 30,

        Enabled = false
    },
    SilentAim = {
        Key = "C",
        AimAt = "LowerTorso",
        PredictionAmount = 0.139,

        FOVEnabled = false,
        FOVShow = false,
        FOVSize = 0,

        Enabled = false,
        KeyToLockOn = false
    },
    CFSpeed = {
        Speed = 2,
        
        Enabled = false,
        Toggled = false,

        Key = "Z"
    }
}

--// Variables (Service)

local Players = game:GetService("Players")
local RS = game:GetService("RunService")
local WS = game:GetService("Workspace")
local GS = game:GetService("GuiService")
local SG = game:GetService("StarterGui")
local UIS = game:GetService("UserInputService")

--// Variables (regular)

local LP = Players.LocalPlayer
local Mouse = LP:GetMouse()
local Camera = WS.CurrentCamera
local GetGuiInset = GS.GetGuiInset

local AimlockState = false
local aimLocked
local lockVictim

--// Anti-Cheat

for _,ac in pairs(LP.Character:GetChildren()) do
    if (ac:IsA("Script") and ac.Name ~= "Animate" and ac.Name ~= "Health") then
        ac:Destroy();
    end;
end;

LP.Character.ChildAdded:Connect(function(child)
    if (child:IsA("Script") and child.Name ~= "Animate" and ac.Name ~= "Health") then
        child:Destroy();
    end;
end);

--// CFrame Speed

local userInput = game:GetService('UserInputService')
local runService = game:GetService('RunService')

Mouse.KeyDown:connect(function(Key)
    local cfKey = Settings.CFSpeed.Key:lower()
    if (Key == cfKey) then
        if (Settings.CFSpeed.Toggled) then
            Settings.CFSpeed.Enabled = not Settings.CFSpeed.Enabled
            if (Settings.CFSpeed.Enabled == true) then
                repeat
                    game.Players.LocalPlayer.Character.HumanoidRootPart.CFrame = game.Players.LocalPlayer.Character.HumanoidRootPart.CFrame + game.Players.LocalPlayer.Character.Humanoid.MoveDirection * Settings.CFSpeed.Speed
                    game:GetService("RunService").Stepped:wait()
                until Settings.CFSpeed.Enabled == false
            end
        end
    end
end)

--// FOV Circle

local fov = Drawing.new("Circle")
fov.Filled = false
fov.Transparency = 1
fov.Thickness = 1
fov.Color = Color3.fromRGB(255, 255, 0)

--// Functions

function updateLock()
    if Settings.Aimlock.FOVEnabled == true and Settings.Aimlock.FOVShow == true then
        if fov then
            fov.Radius = Settings.Aimlock.FOVSize * 2
            fov.Visible = Settings.Aimlock.FOVShow
            fov.Position = Vector2.new(Mouse.X, Mouse.Y + GetGuiInset(GS).Y)

            return fov
        end
    else
        Settings.Aimlock.FOVShow = false
        fov.Visible = false
    end
end

function WTVP(arg)
    return Camera:WorldToViewportPoint(arg)
end

function WTSP(arg)
    return Camera.WorldToScreenPoint(Camera, arg)
end

function getClosest()
    local closestPlayer
    local shortestDistance = math.huge

    for i, v in pairs(game.Players:GetPlayers()) do
        local notKO = v.Character:WaitForChild("BodyEffects")["K.O"].Value ~= true
        local notGrabbed = v.Character:FindFirstChild("GRABBING_COINSTRAINT") == nil
        
        if v ~= game.Players.LocalPlayer and v.Character and v.Character:FindFirstChild("Humanoid") and v.Character.Humanoid.Health ~= 0 and v.Character:FindFirstChild(Settings.Aimlock.AimPart) and notKO and notGrabbed then
            local pos = Camera:WorldToViewportPoint(v.Character.PrimaryPart.Position)
            local magnitude = (Vector2.new(pos.X, pos.Y) - Vector2.new(Mouse.X, Mouse.Y)).magnitude
            
            if (Settings.Aimlock.FOVEnabled) then
                if (fov.Radius > magnitude and magnitude < shortestDistance) then
                    closestPlayer = v
                    shortestDistance = magnitude
                end
            else
                if (magnitude < shortestDistance) then
                    closestPlayer = v
                    shortestDistance = magnitude
                end
            end
        end
    end
    return closestPlayer
end

function sendNotification(text)
    game.StarterGui:SetCore("SendNotification", {
        Title = "CapWare",
        Text = text,
        Duration = 5
    })
end

--// Checks if key is down

Mouse.KeyDown:Connect(function(k)
    local actualKey = Settings.Aimlock.AimlockKey:lower()
    if (k == actualKey) then
        if Settings.Aimlock.Enabled == true then
            aimLocked = not aimLocked
            if aimLocked then
                lockVictim = getClosest()

                sendNotification("Locked onto: "..tostring(lockVictim.Character.Humanoid.DisplayName))
            else
                if lockVictim ~= nil then
                    lockVictim = nil

                    sendNotification("Unlocked!")
                end
            end
        end
    end
end)

--// Loop update FOV and loop camera lock onto target

local localPlayer = game:GetService("Players").LocalPlayer
local currentCamera = game:GetService("Workspace").CurrentCamera
local guiService = game:GetService("GuiService")
local runService = game:GetService("RunService")

local getGuiInset = guiService.GetGuiInset
local mouse = localPlayer:GetMouse()

local silentAimed = false
local silentVictim
local victimMan

local FOVCircle = Drawing.new("Circle")
FOVCircle.Filled = false
FOVCircle.Transparency = 1
FOVCircle.Thickness = 2
FOVCircle.Color = Color3.fromRGB(200, 255, 128)
function updateFOV()
    if (FOVCircle) then
        if (Settings.SilentAim.FOVEnabled) then
            FOVCircle.Radius = Settings.SilentAim.FOVSize * 2
            FOVCircle.Visible = Settings.SilentAim.FOVShow
            FOVCircle.Position = Vector2.new(mouse.X, mouse.Y + getGuiInset(guiService).Y)

            return FOVCircle
        elseif (not Settings.SilentAim.FOVEnabled) then
            FOVCircle.Visible = false
        end
    end
end

function getClosestPlayerToCursor()
    local closestPlayer
    local shortestDistance = math.huge

    for i, v in pairs(game.Players:GetPlayers()) do
        if v ~= game.Players.LocalPlayer and v.Character and v.Character:FindFirstChild("Humanoid") and v.Character.Humanoid.Health ~= 0 and v.Character:FindFirstChild(Settings.SilentAim.AimAt) then
            local pos = currentCamera:WorldToViewportPoint(v.Character.PrimaryPart.Position)
            local magnitude = (Vector2.new(pos.X, pos.Y) - Vector2.new(mouse.X, mouse.Y)).magnitude
            
            if (Settings.SilentAim.FOVEnabled == true) then
                if (FOVCircle.Radius > magnitude and magnitude < shortestDistance) then
                    closestPlayer = v
                    shortestDistance = magnitude
                end
            else
                if (magnitude < shortestDistance) then
                    closestPlayer = v
                    shortestDistance = magnitude
                end
            end
        end
    end
    return closestPlayer
end

Mouse.KeyDown:Connect(function(k)
    local actualKey = Settings.SilentAim.Key:lower()
    if (k == actualKey) then
        if (Settings.SilentAim.KeyToLockOn == false) then
            return
        end
        if (Settings.SilentAim.Enabled) then
            silentAimed = not silentAimed
                
            if silentAimed then
                silentVictim = getClosestPlayerToCursor()
                sendNotification("Locked onto: " .. tostring(silentVictim.Character.Humanoid.DisplayName))
            elseif not silentAimed and silentVictim ~= nil then
                silentVictim = nil

                sendNotification('Unlocked')
            end
        end
    end
end)

runService.RenderStepped:Connect(function()
    updateFOV()
    updateLock()
    victimMan = getClosestPlayerToCursor()
    if Settings.Aimlock.Enabled == true then
        if lockVictim ~= nil then
            Camera.CFrame = CFrame.new(Camera.CFrame.p, lockVictim.Character[Settings.Aimlock.AimPart].Position + lockVictim.Character[Settings.Aimlock.AimPart].Velocity*Settings.Aimlock.Prediction)
        end
    end
end)

local mt = getrawmetatable(game)
local old = mt.__namecall
setreadonly(mt, false)
mt.__namecall = newcclosure(function(...)
    local args = {...}

    if Settings.SilentAim.Enabled and Settings.SilentAim.KeyToLockOn and silentAimed and getnamecallmethod() == "FireServer" and args[2] == "UpdateMousePos" then
        args[3] = silentVictim.Character[Settings.SilentAim.AimAt].Position+(silentVictim.Character[Settings.SilentAim.AimAt].Velocity*Settings.SilentAim.PredictionAmount)
        return old(unpack(args))
    elseif Settings.SilentAim.Enabled and not Settings.SilentAim.KeyToLockOn and getnamecallmethod() == "FireServer" and args[2] == "UpdateMousePos" then
        args[3] = victimMan.Character[Settings.SilentAim.AimAt].Position+(victimMan.Character[Settings.SilentAim.AimAt].Velocity*Settings.SilentAim.PredictionAmount)
        return old(unpack(args))
    end

    return old(...)
end)

local ESP = loadstring(game:HttpGet("https://kiriot22.com/releases/ESP.lua"))()
ESP:Toggle(false)
ESP.Tracers = false
ESP.Names = false
ESP.Boxes = false

MainSection:NewToggle("Enabled", "Enabled Aimlock", function(state)
    Settings.Aimlock.Enabled = state
end)
MainSection:NewTextBox("Prediction", "Aimlock Prediction", function(arg)
    Settings.Aimlock.Prediction = tonumber(arg)
end)
MainSection:NewDropdown("AimPart", "Aimlock Parts", {'Head', 'UpperTorso', 'HumanoidRootPart', 'LowerTorso'}, function(arg)
    Settings.Aimlock.AimPart = tostring(arg)
end)
MainSection:NewToggle("FOV", "FOV", function(state)
    Settings.Aimlock.FOVEnabled = state
end)
MainSection:NewToggle("Show FOV", "Show FOV", function(state)
    Settings.Aimlock.FOVShow = state
end)
MainSection:NewSlider("FOV Size", "FOV Size", 400, 1, function(arg)
    Settings.Aimlock.FOVSize = tonumber(arg)
end)
MainSection:NewKeybind("Keybind", "Keybind", Enum.KeyCode.Q, function(arg)
    Settings.Aimlock.AimlockKey = arg
end)
MainSection2:NewToggle("Enabled", "Enabled Silent Aim", function(state)
    Settings.SilentAim.Enabled = state
end)
MainSection2:NewToggle("Key to lock on", "Key to lock", function(state)
    Settings.SilentAim.KeyToLockOn = state
end)
MainSection2:NewTextBox("Prediction", "Silent Aim Prediction", function(arg)
    Settings.SilentAim.PredictionAmount = tonumber(arg)
end)
MainSection2:NewDropdown("AimPart", "Silent Aim AimPart", {'Head', 'UpperTorso', 'HumanoidRootPart', 'LowerTorso'}, function(arg)
    Settings.SilentAim.AimAt = tostring(arg)
end)
MainSection2:NewToggle("FOV", "FOV", function(state)
    Settings.SilentAim.FOVEnabled = state
end)
MainSection2:NewToggle("Show FOV", "Show FOV", function(state)
    Settings.SilentAim.FOVShow = state
end)
MainSection2:NewSlider("FOV Size", "FOV Side", 400, 1, function(arg)
    Settings.SilentAim.FOVSize = tonumber(arg)
end)
MainSection2:NewKeybind("Keybind", "Keybind", Enum.KeyCode.Q, function(arg)
    Settings.SilentAim.Key = arg
end)

ExtraSection:NewButton("Headless", "Gives you Headless", function(bool)
game.Players.LocalPlayer.Character.Head.Transparency = 1
for i,v in pairs(game.Players.LocalPlayer.Character.Head:GetChildren()) do
if (v:IsA("Decal")) then
v:Destroy()
end
end
end)
 
ExtraSection:NewButton("Korblox", "Gives you Korblox", function(bool)
	local ply = game.Players.LocalPlayer
	local chr = ply.Character
	chr.RightLowerLeg.MeshId = "902942093"
	chr.RightLowerLeg.Transparency = "1"
	chr.RightUpperLeg.MeshId = "http://www.roblox.com/asset/?id=902942096"
	chr.RightUpperLeg.TextureID = "http://roblox.com/asset/?id=902843398"
	chr.RightFoot.MeshId = "902942089"
	chr.RightFoot.Transparency = "1"
end)

ExtraSection2:NewToggle("Speed w/ Noclip", "Speed Gang", function(state)
    Settings.CFSpeed.Toggled = state
end)
ExtraSection2:NewSlider("Speed", "Speed", 10, 0.1, function(arg)
    Settings.CFSpeed.Speed = tonumber(arg)
end)
ExtraSection2:NewKeybind("Key", "Key", Enum.KeyCode.T, function(arg)
    Settings.CFSpeed.Key = arg
end)
 
ExtraSection3:NewTextBox("Fov Camera", "FOV", function(text)
	workspace.CurrentCamera.FieldOfView = (text)
end)

ESPSection:NewToggle("Enable ESP", "Enable ESP", function(bool)
    ESP:Toggle(bool)
end)

ESPSection:NewToggle("Enable Tracers", "Enable Tracers", function(bool)
    ESP.Tracers = bool
end)
 
ESPSection:NewToggle("Enable Names", "Enable Names", function(bool)
    ESP.Names = bool
end)
 
ESPSection:NewToggle("Enable Boxes", "Enable Boxes", function(bool)
    ESP.Boxes = bool
end)

TeleportSection:NewButton("Rev Mountain", "Rev Mountain", function(bool)
    game.Players.LocalPlayer.Character.HumanoidRootPart.CFrame = CFrame.new(-696.847717, 167.674957, -41.0118256, 0.626992583, 7.53169349e-09, -0.779025197, -1.29610933e-09, 1, 8.62493632e-09, 0.779025197, -4.39806902e-09, 0.626992583)
end)
 
TeleportSection:NewButton("Ak Mountain", "Ak Mountain", function(bool)
    game.Players.LocalPlayer.Character.HumanoidRootPart.CFrame = CFrame.new(-696.847717, 167.674957, -41.0118256, 0.626992583, 7.53169349e-09, -0.779025197, -1.29610933e-09, 1, 8.62493632e-09, 0.779025197, -4.39806902e-09, 0.626992583)
end)
 
TeleportSection:NewButton("Db Mountain", "Db Mountain", function(bool)
    game.Players.LocalPlayer.Character.HumanoidRootPart.CFrame = CFrame.new(-1087.02783, 104.254997, -268.160614, 0.0359299146, -0.000130457382, -0.99935472, -2.87694893e-05, 1, -0.000131575929, 0.99935472, 3.34783836e-05, 0.0359299146)
end)
 
TeleportSection:NewButton("Flame Mountain", "Flame Mountain", function(bool)
    game.Players.LocalPlayer.Character.HumanoidRootPart.CFrame = CFrame.new(-228.709259, 96.75, -46.1524429, 0.988781095, -6.16038989e-08, -0.149372295, 5.44428751e-08, 1, -5.20298862e-08, 0.149372295, 4.33139249e-08, 0.988781095)
end)
 
TeleportSection:NewButton("Tactical Mountain", "Tactical Mountain", function(bool)
    game.Players.LocalPlayer.Character.HumanoidRootPart.CFrame = CFrame.new(493.328918, 112.5, -689.263916, -0.999886096, 0.000241556234, -0.0150990579, 0.000226202334, 0.999999464, 0.00101856329, 0.0150993001, 0.00101503218, -0.999885678)
end)
 
TeleportSection:NewButton("Church Mountain", "Church Mountain", function(bool)
    game.Players.LocalPlayer.Character.HumanoidRootPart.CFrame = CFrame.new(288.8479, 143.25, -245.123169, -0.999539435, 3.95160157e-07, 0.0303715728, -3.52983733e-07, 1, -2.46274394e-05, -0.0303715728, -2.4626821e-05, -0.999539435)
end)
 
TeleportSection:NewButton("Admin Guns", "Admin Guns", function(bool)
    game.Players.LocalPlayer.Character.HumanoidRootPart.CFrame = CFrame.new(-872.853516, -34.4276848, -538.013306, -0.999724388, -3.9898886e-08, -0.0234765243, -3.9204977e-08, 1, -3.00177518e-08, 0.0234765243, -2.90890814e-08, -0.999724388)
end)
 
TeleportSection:NewButton("Admin Guns 2", "Admin Guns 2", function(bool)
    game.Players.LocalPlayer.Character.HumanoidRootPart.CFrame = CFrame.new(-808.708557, -39.6492004, -932.789368, 0.999899805, 2.01343173e-08, -0.0141554065, -2.17800533e-08, 1, -1.16108232e-07, 0.0141554065, 1.16404912e-07, 0.999899805)
end)
 
TeleportSection:NewButton("Admin Food", "Admin Food", function(bool)
    game.Players.LocalPlayer.Character.HumanoidRootPart.CFrame = CFrame.new(-788.053406, -39.6492004, -932.951233, 0.998369277, 2.46515359e-08, 0.0570784509, -2.8773524e-08, 1, 7.13949646e-08, -0.0570784509, -7.29209759e-08, 0.998369277)
end)

TeleportSection2:NewButton("Buy Armor", "Buy Armor", function(bool)
    local plr = game.Players.LocalPlayer
	local savedarmourpos = plr.Character.HumanoidRootPart.Position
	plr.Character.HumanoidRootPart.CFrame = CFrame.new(-938.476685, -25.2498264, 570.100159, -0.0353576206, 9.85617206e-08, -0.999374807, -2.69198441e-09, 1, 9.871858e-08, 0.999374807, 6.18077589e-09, -0.0353576206)
	wait(.2)
 
	fireclickdetector(game.Workspace.Ignored.Shop['[High-Medium Armor] - $2300'].ClickDetector)
	plr.Character.HumanoidRootPart.CFrame = CFrame.new(savedarmourpos)
end)
 
TeleportSection2:NewButton("Ufo", "Ufo", function(bool)
    game.Players.LocalPlayer.Character.HumanoidRootPart.CFrame = CFrame.new(2.85052466, 132, -736.571106, -0.0460956171, -4.24733706e-08, -0.998937011, 7.26012459e-08, 1, -4.58687275e-08, 0.998937011, -7.46384217e-08, -0.0460956171)
end)
 
TeleportSection2:NewButton("Rpg", "Rpg", function(bool)
    game.Players.LocalPlayer.Character.HumanoidRootPart.CFrame = CFrame.new(139.815933, -22.9016266, -136.737762, 0.0339428484, -7.90177737e-08, 0.999423802, -4.7851227e-08, 1, 8.06884728e-08, -0.999423802, -5.0562452e-08, 0.0339428484)
end)
 
TeleportSection2:NewButton("Bank", "Bank", function(bool)
    game.Players.LocalPlayer.Character.HumanoidRootPart.CFrame = CFrame.new(-318.891174, 80.2145309, -257.177429, 0.0479469746, -5.14644114e-08, 0.998850107, -3.12971538e-09, 1, 5.16738901e-08, -0.998850107, -5.60372015e-09, 0.0479469746)
end)
 
TeleportSection2:NewButton("Taco", "Taco", function(bool)
    game.Players.LocalPlayer.Character.HumanoidRootPart.CFrame = CFrame.new(707.502014, 139, -543.044739, -0.00318608154, -0.00102963799, 0.999993861, 0.000187970581, 0.999999464, 0.00103024102, -0.99999404, 0.00019125198, -0.00318560796)
end)
 
TeleportSection2:NewButton("Drum Gun", "Drum Gun", function(bool)
    game.Players.LocalPlayer.Character.HumanoidRootPart.CFrame = CFrame.new(-80.8381271, 46.828949, -85.845993, 0.999289691, 4.71884114e-08, 0.0376862474, -4.71660684e-08, 1, -1.48225032e-09, -0.0376862474, -2.96314889e-10, 0.999289691)
end)
 
TeleportSection2:NewButton("Rev Roof", "Rev Roof", function(bool)
    game.Players.LocalPlayer.Character.HumanoidRootPart.CFrame = CFrame.new(-634.463135, 80.434761, -204.232559, -0.0190527271, -1.03574322e-07, -0.999818563, 4.36709335e-09, 1, -1.03676342e-07, 0.999818563, -6.3416179e-09, -0.0190527271)
end)
 
TeleportSection2:NewButton("PlayGround", "PlayGround", function(bool)
    game.Players.LocalPlayer.Character.HumanoidRootPart.CFrame = CFrame.new(-308.851196, 103.049866, -685.874817, 0.0775452703, 4.43633544e-05, -0.996988416, 4.02679916e-06, 1, 4.48105384e-05, 0.996988416, -7.48951334e-06, 0.0775452703)
end)
 
TeleportSection2:NewButton("G Station", "G Station", function(bool)
    game.Players.LocalPlayer.Character.HumanoidRootPart.CFrame = CFrame.new(595.925171, 130.75, -346.41568, -0.0400748774, 7.26109022e-08, 0.999196708, 2.20863914e-08, 1, -7.17834538e-08, -0.999196708, 1.91919352e-08, -0.0400748774)
end)
 
TeleportSection2:NewButton("Cementery", "Cementery", function(bool)
    game.Players.LocalPlayer.Character.HumanoidRootPart.CFrame = CFrame.new(135.109558, 99.75, -57.2315979, 0.999993503, -0.000633752206, -0.0035054055, 0.000638642872, 0.999998808, 0.00139435288, 0.00350463158, -0.00139658386, 0.999992728)
end)
 
TeleportSection2:NewButton("School Roof", "School Roof", function(bool)
    game.Players.LocalPlayer.Character.HumanoidRootPart.CFrame = CFrame.new(-525.353455, 68.125, 311.824402, 0.999992013, 1.03866675e-08, -0.00399552286, -1.03507425e-08, 1, 9.01170427e-09, 0.00399552286, -8.97027519e-09, 0.999992013)
end)
